Proveedor,Precio Promedio ($/u),Tiempo de Entrega (dias),Nivel de Calidad (%),Volumen de Compra Anual ($),Distancia al CD (km),Riesgo Financiero (1-10)
Proveedor 0001,53.80,6,95.5,585245,220,1.8
Proveedor 0002,21.52,14,93.5,241245,568,4.2
Proveedor 0003,50.19,24,63.5,89555,266,7.3
Proveedor 0004,25.85,8,78.9,230848,632,2.4
Proveedor 0005,59.98,6,97.4,672325,206,3.0
Proveedor 0006,27.99,11,87.1,292037,581,4.9
Proveedor 0007,44.56,21,69.5,44992,337,7.2
Proveedor 0008,60.64,7,98.0,655223,115,1.4
Proveedor 0009,41.83,20,63.9,45454,397,8.2
Proveedor 0010,31.42,9,83.9,269675,593,4.3
Proveedor 0011,53.84,6,97.4,482582,186,2.4
Proveedor 0012,55.43,4,98.0,594231,227,2.9
Proveedor 0013,50.41,5,97.4,488144,222,1.0
Proveedor 0014,60.99,7,99.1,374734,205,1.5
Proveedor 0015,61.64,8,99.8,702638,195,2.0
Proveedor 0016,63.50,4,93.3,601175,174,3.0
Proveedor 0017,63.76,8,99.2,496940,193,1.9
Proveedor 0018,54.05,6,94.1,371168,170,3.1
Proveedor 0019,48.55,13,67.1,60109,406,8.4
Proveedor 0020,46.13,23,66.4,51636,276,7.8
Proveedor 0021,42.79,21,64.8,61762,334,8.4
Proveedor 0022,59.14,5,95.5,349173,198,1.9
Proveedor 0023,40.57,18,69.7,43763,380,8.1
Proveedor 0024,25.22,8,84.9,208057,652,4.7
Proveedor 0025,48.09,21,71.0,89458,346,7.4
Proveedor 0026,33.91,12,79.1,194651,450,3.2
Proveedor 0027,20.48,9,82.6,256710,424,3.4
Proveedor 0028,41.20,24,63.1,53754,390,6.8
Proveedor 0029,64.80,4,98.1,546545,217,2.7
Proveedor 0030,29.51,6,80.6,275853,621,4.2
Proveedor 0031,58.28,6,97.9,533081,147,2.0
Proveedor 0032,30.57,5,87.3,206169,655,4.1
Proveedor 0033,59.37,6,95.4,626467,68,1.7
Proveedor 0034,34.24,10,83.9,249134,541,4.6
Proveedor 0035,33.13,11,81.3,199643,507,3.4
Proveedor 0036,67.21,7,98.4,548414,261,2.2
Proveedor 0037,48.55,19,61.2,57175,361,8.6
Proveedor 0038,35.99,20,70.3,86428,396,7.4
Proveedor 0039,49.73,24,62.3,44814,432,8.0
Proveedor 0040,41.43,19,68.1,56788,422,8.6
Proveedor 0041,57.92,6,100.0,623386,182,2.3
Proveedor 0042,46.30,19,59.3,44545,401,9.5
Proveedor 0043,45.88,22,66.1,46607,477,8.1
Proveedor 0044,55.53,22,72.3,70134,393,7.9
Proveedor 0045,29.07,12,84.9,224256,613,3.6
Proveedor 0046,33.80,22,69.4,100748,327,7.8
Proveedor 0047,50.68,19,78.0,39110,301,8.4
Proveedor 0048,23.90,9,84.7,173542,626,3.0
Proveedor 0049,24.73,8,84.9,175122,701,3.9
Proveedor 0050,58.08,4,98.7,794434,199,2.9
Proveedor 0051,30.55,7,81.0,261232,612,4.6
Proveedor 0052,45.80,17,67.0,50467,320,8.7
Proveedor 0053,33.43,10,81.8,206089,611,2.9
Proveedor 0054,34.01,8,84.2,236722,491,4.8
Proveedor 0055,57.88,5,97.1,632853,213,1.0
Proveedor 0056,53.20,20,66.5,58212,328,8.3
Proveedor 0057,46.68,17,66.9,66747,228,8.1
Proveedor 0058,64.42,6,95.3,656952,301,3.0
Proveedor 0059,35.54,23,76.3,43317,382,8.4
Proveedor 0060,40.65,24,66.5,65789,397,8.4
Proveedor 0061,35.60,21,64.0,66738,411,6.7
Proveedor 0062,64.23,6,96.4,523517,217,2.4
Proveedor 0063,45.75,20,70.5,43456,389,7.1
Proveedor 0064,35.01,13,86.6,230948,519,5.2
Proveedor 0065,37.18,10,81.7,147491,511,3.3
Proveedor 0066,34.90,22,62.9,52947,344,8.6
Proveedor 0067,26.54,14,83.4,140994,721,5.1
Proveedor 0068,60.81,5,95.6,681522,161,2.0
Proveedor 0069,26.31,10,80.3,244396,681,4.6
Proveedor 0070,27.44,7,81.7,218144,565,4.8
Proveedor 0071,58.28,5,99.9,626010,281,1.8
Proveedor 0072,54.62,4,96.9,540813,151,2.1
Proveedor 0073,31.34,14,85.4,209591,528,4.5
Proveedor 0074,29.53,11,83.0,252508,623,3.8
Proveedor 0075,51.32,25,63.9,61214,393,8.9
Proveedor 0076,53.79,19,70.7,67461,373,8.5
Proveedor 0077,59.82,6,97.3,731363,202,1.7
Proveedor 0078,25.62,9,85.2,181454,650,3.6
Proveedor 0079,43.65,19,64.1,66366,283,8.8
Proveedor 0080,61.30,5,96.8,746304,184,1.1
Proveedor 0081,63.92,4,98.7,635373,343,1.6
Proveedor 0082,60.30,5,95.9,451864,211,1.6
Proveedor 0083,47.01,21,62.4,63714,416,8.1
Proveedor 0084,63.57,7,96.3,426491,237,2.0
Proveedor 0085,28.60,9,80.6,194926,592,3.8
Proveedor 0086,29.96,11,86.6,262426,581,4.3
Proveedor 0087,22.41,11,82.7,157061,644,6.5
Proveedor 0088,30.90,7,83.6,171846,642,5.0
Proveedor 0089,61.04,4,99.1,595476,196,2.1
Proveedor 0090,58.56,4,100.0,480663,201,3.7
Proveedor 0091,31.88,11,82.6,182894,539,5.6
Proveedor 0092,29.55,9,83.0,241540,813,2.1
Proveedor 0093,25.93,9,83.2,219509,451,5.2
Proveedor 0094,26.12,13,87.4,243733,567,3.0
Proveedor 0095,24.13,9,81.5,218182,528,3.2
Proveedor 0096,52.67,20,54.4,40001,347,6.9
Proveedor 0097,48.37,20,62.1,32862,353,8.9
Proveedor 0098,62.06,6,97.4,653510,210,2.2
Proveedor 0099,66.58,6,94.4,615214,259,2.5
Proveedor 0100,59.19,5,97.4,467472,267,2.7
Proveedor 0101,47.70,23,70.5,61671,331,8.8
Proveedor 0102,22.30,10,89.7,280470,467,5.6
Proveedor 0103,63.20,6,95.2,572657,169,1.5
Proveedor 0104,48.06,20,68.1,56466,408,8.1
Proveedor 0105,57.33,21,78.5,62367,277,8.6
Proveedor 0106,55.66,5,96.9,692470,273,1.2
Proveedor 0107,21.29,11,78.3,219339,585,3.4
Proveedor 0108,19.85,12,78.5,251440,514,4.1
Proveedor 0109,63.95,5,96.9,524742,212,1.8
Proveedor 0110,40.75,19,59.6,63447,287,9.3
Proveedor 0111,44.72,22,68.8,74768,340,8.0
Proveedor 0112,30.54,9,82.2,225324,632,4.8
Proveedor 0113,24.60,11,85.8,216417,626,3.5
Proveedor 0114,50.49,20,71.1,66906,381,9.3
Proveedor 0115,43.19,17,60.7,69834,331,8.0
Proveedor 0116,28.73,7,84.1,231755,536,5.6
Proveedor 0117,42.88,21,75.9,69981,416,7.8
Proveedor 0118,33.24,21,67.4,47496,360,8.9
Proveedor 0119,58.37,7,97.1,692655,150,2.3
Proveedor 0120,51.44,22,67.5,53784,333,8.3
Proveedor 0121,46.19,19,72.2,49641,442,9.0
Proveedor 0122,26.96,9,80.4,222244,526,5.6
Proveedor 0123,57.62,5,97.6,470570,252,2.1
Proveedor 0124,50.15,20,73.4,36207,333,7.6
Proveedor 0125,62.01,5,98.1,541770,123,1.8
Proveedor 0126,46.39,16,65.5,73511,302,7.8
Proveedor 0127,59.76,7,96.9,740665,168,2.5
Proveedor 0128,59.35,21,74.5,44851,260,9.1
Proveedor 0129,64.36,4,97.0,550859,230,2.3
Proveedor 0130,43.11,22,63.0,90212,338,7.8
Proveedor 0131,29.82,6,85.6,170614,548,5.0
Proveedor 0132,60.58,4,96.8,648663,194,2.5
Proveedor 0133,55.34,6,97.9,553066,220,2.7
Proveedor 0134,30.92,8,84.2,241784,567,4.0
Proveedor 0135,47.27,20,71.9,48022,340,8.3
Proveedor 0136,25.51,8,87.6,174438,617,4.6
Proveedor 0137,22.36,10,82.5,177345,525,5.5
Proveedor 0138,56.30,4,95.8,637322,195,1.0
Proveedor 0139,27.43,10,84.4,193730,507,5.6
Proveedor 0140,21.53,12,87.9,173504,612,3.5
Proveedor 0141,32.44,25,70.9,25284,424,9.0
Proveedor 0142,61.20,6,96.7,412615,254,1.6
Proveedor 0143,55.72,5,100.0,498048,190,1.1
Proveedor 0144,26.57,11,84.6,162915,477,4.7
Proveedor 0145,21.74,10,86.4,186133,422,4.8
Proveedor 0146,56.10,5,97.5,689127,113,2.1
Proveedor 0147,52.38,21,66.7,50933,325,8.2
Proveedor 0148,44.27,20,58.2,74965,383,9.3
Proveedor 0149,51.31,27,71.5,80777,375,8.0
Proveedor 0150,22.64,10,82.8,207038,498,3.2
Proveedor 0151,57.12,4,97.4,477386,190,1.8
Proveedor 0152,45.71,21,68.4,69829,425,8.9
Proveedor 0153,48.14,18,74.9,26421,393,8.6
Proveedor 0154,58.92,4,99.6,487995,115,1.3
Proveedor 0155,48.73,24,57.2,48268,343,8.7
Proveedor 0156,45.96,20,67.5,70429,364,7.5
Proveedor 0157,58.52,20,68.9,56177,375,8.8
Proveedor 0158,23.37,12,84.0,214491,532,3.7
Proveedor 0159,33.09,10,85.0,221598,481,4.2
Proveedor 0160,49.72,23,64.4,41744,397,7.8
Proveedor 0161,29.79,8,85.2,245255,574,2.0
Proveedor 0162,43.94,21,63.2,50781,342,9.2
Proveedor 0163,31.61,8,85.5,193899,637,5.0
Proveedor 0164,33.30,10,84.3,245231,503,3.5
Proveedor 0165,55.02,6,95.0,419196,195,3.4
Proveedor 0166,54.37,19,68.4,66877,377,7.0
Proveedor 0167,27.93,7,84.4,248917,606,4.4
Proveedor 0168,27.63,9,82.3,192590,575,3.9
Proveedor 0169,22.46,10,90.4,258902,576,4.2
Proveedor 0170,55.70,25,70.1,64431,264,8.9
Proveedor 0171,58.07,6,95.6,622402,116,1.0
Proveedor 0172,63.06,9,98.8,594795,168,1.3
Proveedor 0173,66.73,5,95.6,595966,219,2.3
Proveedor 0174,18.32,12,82.0,222467,705,3.4
Proveedor 0175,32.20,12,91.8,240913,447,2.1
Proveedor 0176,66.12,6,96.7,445303,174,1.8
Proveedor 0177,52.45,23,71.7,70499,420,8.5
Proveedor 0178,47.50,20,64.3,58629,329,7.9
Proveedor 0179,58.43,6,96.5,434591,140,1.2
Proveedor 0180,31.55,10,84.4,204346,478,4.0
Proveedor 0181,58.47,7,97.7,630269,143,1.4
Proveedor 0182,52.37,21,64.9,36113,390,9.6
Proveedor 0183,23.16,9,85.9,198439,584,4.2
Proveedor 0184,57.25,5,97.3,741784,215,2.3
Proveedor 0185,29.64,7,82.4,187418,490,4.0
Proveedor 0186,57.75,4,95.0,637566,200,1.0
Proveedor 0187,57.33,7,97.2,486843,225,1.2
Proveedor 0188,26.01,10,79.2,189707,620,3.1
Proveedor 0189,49.83,21,72.0,56096,313,8.0
Proveedor 0190,53.06,16,67.0,73796,425,7.1
Proveedor 0191,57.81,6,100.0,764388,148,1.6
Proveedor 0192,41.46,23,63.5,74937,400,10.0
Proveedor 0193,59.29,6,97.6,581031,122,2.1
Proveedor 0194,43.79,21,62.3,45805,253,7.2
Proveedor 0195,63.86,5,98.8,532955,174,3.0
Proveedor 0196,43.80,17,65.6,64696,414,8.8
Proveedor 0197,62.84,6,97.6,564324,178,1.9
Proveedor 0198,67.11,5,99.1,481588,250,1.5
Proveedor 0199,56.34,7,94.1,405685,183,2.3
Proveedor 0200,62.02,20,62.2,52024,384,7.7
Proveedor 0201,62.40,8,98.3,542953,201,1.0
Proveedor 0202,59.04,24,75.5,69772,309,8.3
Proveedor 0203,62.01,7,96.9,702330,195,1.0
Proveedor 0204,49.22,23,66.9,38986,371,8.7
Proveedor 0205,52.37,23,72.5,44642,419,7.8
Proveedor 0206,44.12,18,62.3,45576,202,7.8
Proveedor 0207,27.69,7,84.1,226405,626,5.4
Proveedor 0208,37.07,10,83.5,217508,671,4.7
Proveedor 0209,57.69,6,96.8,543526,149,1.6
Proveedor 0210,32.08,9,82.6,191621,635,3.3
Proveedor 0211,55.97,6,96.3,568958,216,3.4
Proveedor 0212,61.86,3,94.3,670157,210,3.2
Proveedor 0213,54.25,6,97.3,581085,155,1.9
Proveedor 0214,21.26,11,83.9,150672,578,3.4
Proveedor 0215,55.80,5,92.3,674426,172,1.2
Proveedor 0216,51.22,3,97.8,522705,258,2.0
Proveedor 0217,26.55,9,87.8,232813,513,4.0
Proveedor 0218,60.99,7,95.1,572824,131,2.6
Proveedor 0219,41.76,21,61.2,58066,388,9.7
Proveedor 0220,58.76,6,98.7,501786,215,2.1
Proveedor 0221,18.97,11,90.3,171885,526,3.8
Proveedor 0222,27.45,10,85.0,239526,546,4.5
Proveedor 0223,24.00,11,78.6,198901,416,3.7
Proveedor 0224,24.61,7,82.7,217230,689,5.9
Proveedor 0225,65.85,4,98.4,557945,205,2.4
Proveedor 0226,67.43,4,99.6,566405,178,1.9
Proveedor 0227,54.54,19,64.5,48933,392,8.1
Proveedor 0228,26.73,10,79.2,186239,623,5.2
Proveedor 0229,30.87,8,85.1,201910,615,2.5
Proveedor 0230,26.21,11,89.3,275235,349,4.7
Proveedor 0231,42.61,23,70.6,74915,436,8.8
Proveedor 0232,48.85,22,72.8,106508,410,8.3
Proveedor 0233,29.83,9,83.7,234434,676,5.5
Proveedor 0234,69.58,7,97.1,646601,155,1.8
Proveedor 0235,62.89,6,96.2,669613,235,1.1
Proveedor 0236,51.12,16,65.7,62083,411,8.3
Proveedor 0237,25.06,11,84.8,215979,476,4.6
Proveedor 0238,44.48,19,67.1,54360,465,7.9
Proveedor 0239,55.24,20,66.9,73627,275,8.3
Proveedor 0240,59.08,4,96.1,492164,293,2.5
Proveedor 0241,36.18,19,65.1,51262,406,8.1
Proveedor 0242,63.11,6,96.5,611442,112,2.2
Proveedor 0243,54.14,5,96.6,628702,249,2.2
Proveedor 0244,58.30,7,99.2,680167,218,2.8
Proveedor 0245,57.09,24,68.0,60968,345,8.0
Proveedor 0246,46.94,19,74.2,39787,385,7.3
Proveedor 0247,49.04,25,63.9,48086,347,7.0
Proveedor 0248,28.77,9,80.7,174785,716,3.5
Proveedor 0249,23.92,10,82.3,186344,603,4.9
Proveedor 0250,62.16,5,95.6,538704,87,2.5
Proveedor 0251,41.93,21,60.3,47905,285,8.1
Proveedor 0252,55.39,6,95.4,571344,186,2.3
Proveedor 0253,52.57,18,71.5,67150,455,9.1
Proveedor 0254,59.49,3,96.1,562907,185,2.7
Proveedor 0255,58.49,5,95.7,578419,135,3.0
Proveedor 0256,22.47,9,82.0,241132,475,5.2
Proveedor 0257,47.01,19,67.0,55273,379,10.0
Proveedor 0258,34.00,11,88.9,234569,538,4.1
Proveedor 0259,66.91,4,100.0,602391,228,1.0
Proveedor 0260,32.94,11,79.4,243544,605,5.3
Proveedor 0261,59.30,4,94.6,524230,105,2.4
Proveedor 0262,59.66,23,61.4,39860,401,8.0
Proveedor 0263,29.35,9,86.2,226136,636,4.5
Proveedor 0264,53.49,6,98.5,509583,247,2.9
Proveedor 0265,49.40,23,72.4,61826,309,8.5
Proveedor 0266,28.01,9,79.7,200433,591,4.7
Proveedor 0267,40.45,25,66.6,42207,378,8.5
Proveedor 0268,25.89,8,91.8,233215,502,3.5
Proveedor 0269,59.78,5,99.2,710606,149,2.4
Proveedor 0270,60.59,6,95.8,497123,178,2.0
Proveedor 0271,52.46,5,97.5,488644,221,2.2
Proveedor 0272,44.17,20,68.3,64606,368,6.9
Proveedor 0273,50.84,18,70.4,50124,379,7.7
Proveedor 0274,62.24,8,97.3,461485,203,1.0
Proveedor 0275,29.04,9,82.5,254931,587,4.6
Proveedor 0276,49.65,24,73.3,43543,280,9.6
Proveedor 0277,29.74,9,82.4,191149,479,4.4
Proveedor 0278,33.06,12,86.8,222484,750,4.0
Proveedor 0279,60.72,3,99.0,615729,181,2.1
Proveedor 0280,47.14,20,68.6,62597,429,8.3
Proveedor 0281,32.92,7,79.9,160285,636,4.0
Proveedor 0282,29.43,8,79.6,265153,598,4.2
Proveedor 0283,54.65,5,97.2,649059,219,1.9
Proveedor 0284,30.07,10,85.8,169339,800,2.4
Proveedor 0285,28.31,8,87.8,165066,598,3.9
Proveedor 0286,30.69,11,83.2,227546,555,3.8
Proveedor 0287,42.19,18,68.9,47359,381,7.2
Proveedor 0288,26.70,11,90.0,254916,602,4.0
Proveedor 0289,26.84,11,80.9,205118,628,5.3
Proveedor 0290,62.86,5,96.3,629386,252,1.5
Proveedor 0291,60.73,6,94.5,498782,197,1.7
Proveedor 0292,63.96,6,94.6,486912,191,1.1
Proveedor 0293,25.37,10,83.0,167565,562,5.5
Proveedor 0294,40.99,16,64.1,95756,366,6.2
Proveedor 0295,31.37,12,88.0,240493,564,3.5
Proveedor 0296,27.71,10,83.7,212521,571,4.0
Proveedor 0297,53.20,19,67.1,47682,393,9.1
Proveedor 0298,61.41,5,96.1,649999,148,2.0
Proveedor 0299,50.10,19,70.5,64058,498,8.1
Proveedor 0300,34.56,8,85.4,284739,575,5.9
Proveedor 0301,53.29,18,63.6,68695,365,9.2
Proveedor 0302,58.61,6,100.0,564976,199,3.0
Proveedor 0303,41.40,25,69.9,35247,300,8.0
Proveedor 0304,43.72,19,65.8,77984,330,8.3
Proveedor 0305,36.67,20,73.5,75051,393,7.7
Proveedor 0306,55.32,7,97.3,528022,151,1.5
Proveedor 0307,67.96,6,96.5,682244,262,2.1
Proveedor 0308,20.75,10,82.5,198641,472,5.2
Proveedor 0309,31.68,8,80.8,207027,624,4.6
Proveedor 0310,52.28,24,71.5,69003,434,8.7
Proveedor 0311,29.64,10,85.1,237989,580,3.4
Proveedor 0312,49.91,22,58.3,70331,341,8.4
Proveedor 0313,63.78,6,96.1,560062,203,2.9
Proveedor 0314,26.40,10,80.0,133146,604,4.0
Proveedor 0315,42.94,25,75.9,36268,360,8.4
Proveedor 0316,39.27,17,81.1,60728,461,6.9
Proveedor 0317,27.57,13,83.3,154209,492,2.4
Proveedor 0318,59.30,6,97.9,464814,242,1.7
Proveedor 0319,60.30,4,97.6,544858,244,2.3
Proveedor 0320,31.88,10,81.7,191661,490,3.3
Proveedor 0321,53.71,21,65.1,56869,549,8.1
Proveedor 0322,28.21,12,88.0,227016,544,4.6
Proveedor 0323,61.94,5,97.6,362850,80,2.7
Proveedor 0324,35.48,11,83.2,230896,412,3.2
Proveedor 0325,30.55,11,87.6,207395,529,4.4
Proveedor 0326,44.94,24,69.3,75465,335,7.0
Proveedor 0327,46.90,21,68.0,42302,363,7.2
Proveedor 0328,64.98,4,95.3,660479,233,2.4
Proveedor 0329,37.75,20,64.5,59899,302,7.7
Proveedor 0330,58.13,3,96.7,663775,184,2.5
Proveedor 0331,28.76,7,88.1,204985,571,3.6
Proveedor 0332,33.45,10,86.9,212633,425,3.9
Proveedor 0333,21.81,9,82.2,205706,681,3.9
Proveedor 0334,42.21,21,62.5,33235,430,8.8
Proveedor 0335,47.87,25,72.4,58829,251,9.0
Proveedor 0336,59.26,5,94.2,583502,237,1.3
Proveedor 0337,62.93,5,97.7,627206,185,2.5
Proveedor 0338,28.66,10,84.4,138566,485,3.6
Proveedor 0339,36.01,11,83.7,156674,517,5.1
Proveedor 0340,51.01,22,70.6,72224,416,7.6
Proveedor 0341,46.62,22,56.7,44285,296,8.5
Proveedor 0342,26.27,6,79.7,255022,574,5.3
Proveedor 0343,57.01,3,97.6,764742,279,2.5
Proveedor 0344,51.83,22,61.5,37304,303,8.4
Proveedor 0345,58.17,5,97.8,809440,270,2.1
Proveedor 0346,59.47,7,96.6,585435,136,2.3
Proveedor 0347,61.61,6,96.3,711506,285,1.8
Proveedor 0348,30.17,9,86.2,177068,621,2.2
Proveedor 0349,43.76,20,69.3,62104,199,9.1
Proveedor 0350,26.47,11,91.5,170298,501,4.5
Proveedor 0351,56.16,5,94.9,628423,210,2.3
Proveedor 0352,52.89,26,60.8,46382,324,6.8
Proveedor 0353,35.47,8,87.1,276961,540,4.3
Proveedor 0354,46.50,19,69.6,44475,315,8.7
Proveedor 0355,63.34,4,96.7,445503,286,1.3
Proveedor 0356,53.44,7,100.0,730110,241,2.1
Proveedor 0357,54.86,21,74.3,46428,334,8.2
Proveedor 0358,55.93,6,94.6,561901,131,2.9
Proveedor 0359,31.26,11,76.8,211059,636,3.8
Proveedor 0360,51.29,17,63.2,77811,351,7.0
Proveedor 0361,49.28,19,74.6,54972,343,8.1
Proveedor 0362,50.24,22,66.8,69018,272,8.6
Proveedor 0363,26.34,10,85.1,224803,485,2.7
Proveedor 0364,24.27,12,79.1,186846,530,4.8
Proveedor 0365,55.86,5,96.5,515751,233,1.8
Proveedor 0366,57.95,6,97.4,602969,210,1.9
Proveedor 0367,58.10,7,96.5,665685,182,2.6
Proveedor 0368,57.13,6,97.3,608746,201,3.0
Proveedor 0369,40.29,21,71.5,38328,299,7.7
Proveedor 0370,57.02,3,99.3,636258,243,1.9
Proveedor 0371,60.53,8,96.5,549641,206,1.5
Proveedor 0372,52.23,7,97.7,638274,152,2.6
Proveedor 0373,45.12,16,61.1,69002,374,7.8
Proveedor 0374,45.98,18,70.7,57317,399,8.3
Proveedor 0375,33.15,6,87.7,223538,560,2.8
Proveedor 0376,61.66,6,98.7,644244,182,2.0
Proveedor 0377,43.15,18,65.6,63915,348,7.9
Proveedor 0378,48.12,20,77.7,54697,348,7.5
Proveedor 0379,48.69,28,68.5,29819,328,6.5
Proveedor 0380,58.15,3,96.5,741781,210,1.4
Proveedor 0381,28.32,10,82.1,142983,501,5.2
Proveedor 0382,60.98,4,94.6,567220,216,1.4
Proveedor 0383,56.13,7,97.3,464563,214,1.3
Proveedor 0384,30.51,10,79.9,144059,611,4.7
Proveedor 0385,65.88,6,93.1,575392,221,1.1
Proveedor 0386,40.50,20,69.5,60226,430,7.5
Proveedor 0387,61.01,8,96.5,424240,238,2.4
Proveedor 0388,63.38,6,98.3,694700,216,1.7
Proveedor 0389,48.44,24,68.2,67039,324,8.0
Proveedor 0390,36.75,24,64.8,56147,399,7.7
Proveedor 0391,56.34,7,96.6,588913,213,2.0
Proveedor 0392,30.39,9,87.8,241604,445,4.4
Proveedor 0393,28.49,10,79.0,146521,461,1.4
Proveedor 0394,63.77,6,98.8,652631,196,2.0
Proveedor 0395,60.71,4,95.2,617817,190,4.0
Proveedor 0396,29.38,9,80.2,205876,578,5.2
Proveedor 0397,37.27,21,62.8,56403,337,6.7
Proveedor 0398,34.30,12,83.5,181774,595,3.9
Proveedor 0399,26.96,8,80.8,188093,621,6.5
Proveedor 0400,31.42,11,88.1,219855,583,4.4
Proveedor 0401,26.38,12,86.3,159100,505,5.0
Proveedor 0402,55.01,23,67.8,34688,303,8.5
Proveedor 0403,52.63,19,65.5,51308,334,9.1
Proveedor 0404,31.73,12,83.5,183199,538,4.4
Proveedor 0405,43.80,25,63.9,61324,344,7.8
Proveedor 0406,26.83,14,83.8,217242,626,2.8
Proveedor 0407,61.86,4,94.8,486347,255,2.0
Proveedor 0408,62.64,5,93.7,549189,204,2.8
Proveedor 0409,51.92,20,67.2,58715,395,9.3
Proveedor 0410,34.92,22,70.8,74396,253,6.6
Proveedor 0411,61.29,5,97.6,462761,220,2.3
Proveedor 0412,57.30,24,68.4,50537,469,7.6
Proveedor 0413,66.58,4,99.3,605433,192,3.2
Proveedor 0414,60.82,6,95.1,583979,137,1.8
Proveedor 0415,41.11,20,71.1,40259,410,8.7
Proveedor 0416,34.16,11,88.3,224789,466,4.1
Proveedor 0417,38.52,19,69.9,61188,298,6.9
Proveedor 0418,55.83,5,99.5,479242,203,1.0
Proveedor 0419,43.63,23,58.5,71745,429,6.8
Proveedor 0420,36.52,18,67.5,50600,343,7.0
Proveedor 0421,27.75,10,83.6,201387,579,4.2
Proveedor 0422,61.37,6,96.7,626387,162,2.0
Proveedor 0423,23.04,8,82.8,300138,501,4.7
Proveedor 0424,60.32,6,98.3,561038,244,2.1
Proveedor 0425,43.48,24,68.0,63957,350,7.5
Proveedor 0426,65.07,5,98.2,620169,177,1.0
Proveedor 0427,30.18,11,79.8,214735,591,6.7
Proveedor 0428,23.86,12,85.2,234391,619,3.6
Proveedor 0429,25.64,12,83.4,234055,601,5.1
Proveedor 0430,61.95,7,94.5,578772,166,3.0
Proveedor 0431,35.23,19,59.9,38394,450,8.0
Proveedor 0432,57.76,19,63.9,61882,419,7.3
Proveedor 0433,67.76,3,95.0,512851,239,3.1
Proveedor 0434,33.25,9,79.5,193682,648,5.3
Proveedor 0435,55.55,6,95.7,686895,240,1.0
Proveedor 0436,17.84,13,87.5,198146,502,5.4
Proveedor 0437,28.25,10,78.6,255662,416,4.4
Proveedor 0438,60.71,7,98.1,499618,36,2.7
Proveedor 0439,31.17,11,76.7,248700,618,4.3
Proveedor 0440,53.38,5,94.5,605033,214,1.9
Proveedor 0441,53.49,6,96.9,578912,172,1.8
Proveedor 0442,59.00,4,97.7,563110,274,3.0
Proveedor 0443,49.31,24,64.5,74842,423,7.0
Proveedor 0444,65.50,6,96.0,604202,148,2.3
Proveedor 0445,65.08,5,96.0,554240,160,2.0
Proveedor 0446,68.99,7,93.2,434212,242,1.9
Proveedor 0447,60.04,23,71.7,75027,349,8.6
Proveedor 0448,56.29,4,96.0,632161,283,2.6
Proveedor 0449,34.80,8,76.5,249400,733,2.9
Proveedor 0450,28.50,9,78.6,224344,531,4.2
Proveedor 0451,64.19,5,96.7,587526,188,3.7
Proveedor 0452,55.85,23,65.3,52348,360,6.4
Proveedor 0453,29.94,7,83.8,105148,587,4.3
Proveedor 0454,29.97,13,82.5,164696,502,3.8
Proveedor 0455,50.09,27,65.2,66599,299,8.7
Proveedor 0456,55.69,7,99.1,601748,211,1.8
Proveedor 0457,31.77,9,85.1,141793,463,4.9
Proveedor 0458,45.47,20,63.4,97549,384,6.9
Proveedor 0459,46.47,21,74.2,47332,354,8.4
Proveedor 0460,44.14,25,64.4,65765,313,7.7
Proveedor 0461,58.22,6,98.3,675330,205,1.4
Proveedor 0462,29.94,11,80.1,219978,545,4.1
Proveedor 0463,54.34,20,74.0,64964,362,6.5
Proveedor 0464,26.98,10,84.6,192585,402,4.8
Proveedor 0465,26.97,9,89.7,250506,598,4.3
Proveedor 0466,62.82,7,97.0,614893,195,1.6
Proveedor 0467,58.40,6,95.8,487227,193,2.4
Proveedor 0468,28.63,11,82.2,139700,657,4.6
Proveedor 0469,20.31,8,82.5,134071,640,3.8
Proveedor 0470,30.03,11,88.9,219603,542,4.0
Proveedor 0471,47.70,21,67.0,83856,354,7.5
Proveedor 0472,56.22,5,95.3,479795,264,1.6
Proveedor 0473,41.51,22,63.4,71809,402,8.3
Proveedor 0474,52.21,19,74.1,34031,383,9.6
Proveedor 0475,52.94,24,64.0,87219,329,9.2
Proveedor 0476,24.48,12,86.3,201572,509,4.9
Proveedor 0477,29.51,12,81.2,193842,758,2.2
Proveedor 0478,29.27,9,87.8,213906,568,2.1
Proveedor 0479,61.80,3,93.8,497636,222,2.7
Proveedor 0480,42.18,20,62.0,53359,335,8.4
Proveedor 0481,45.35,21,63.5,49576,367,8.4
Proveedor 0482,44.72,19,68.4,82020,369,7.9
Proveedor 0483,47.67,22,64.5,30394,237,7.8
Proveedor 0484,61.73,4,96.0,529943,167,3.3
Proveedor 0485,31.53,10,87.0,236629,610,2.8
Proveedor 0486,34.21,25,60.9,57857,422,6.3
Proveedor 0487,56.64,23,75.7,77448,403,6.9
Proveedor 0488,24.12,8,80.3,225059,809,5.2
Proveedor 0489,32.17,23,68.3,53674,425,8.4
Proveedor 0490,23.36,11,82.5,175585,562,4.8
Proveedor 0491,54.48,6,95.6,701556,228,1.3
Proveedor 0492,53.83,22,61.4,37172,310,7.7
Proveedor 0493,45.62,19,67.3,56848,295,9.5
Proveedor 0494,69.64,4,95.3,724984,218,2.8
Proveedor 0495,32.05,7,93.2,246269,518,4.9
Proveedor 0496,35.67,8,87.7,224181,589,3.1
Proveedor 0497,54.26,5,97.6,650636,213,1.9
Proveedor 0498,54.90,6,96.3,604513,155,1.2
Proveedor 0499,28.23,10,86.0,135908,571,4.3
Proveedor 0500,54.00,22,64.2,68034,306,8.4
Proveedor 0501,17.51,10,84.5,194703,590,4.9
Proveedor 0502,32.37,10,79.4,166209,453,4.6
Proveedor 0503,36.33,22,61.6,62328,368,7.4
Proveedor 0504,60.06,5,97.7,714854,181,1.0
Proveedor 0505,60.10,5,95.9,641717,224,1.7
Proveedor 0506,50.37,21,67.3,91227,345,9.1
Proveedor 0507,54.49,6,95.7,561738,215,2.3
Proveedor 0508,56.49,23,63.6,68826,308,7.9
Proveedor 0509,45.11,21,63.7,63337,268,7.4
Proveedor 0510,27.19,11,76.4,217180,412,2.8
Proveedor 0511,30.66,7,82.0,224952,553,3.8
Proveedor 0512,26.90,9,79.8,172797,581,5.3
Proveedor 0513,25.37,10,85.9,204625,669,4.8
Proveedor 0514,25.83,11,86.3,236971,647,5.4
Proveedor 0515,24.32,10,84.1,200663,769,2.8
Proveedor 0516,44.53,24,74.4,71370,379,9.3
Proveedor 0517,38.84,18,60.2,76855,370,8.1
Proveedor 0518,49.16,22,60.9,69041,360,8.2
Proveedor 0519,52.43,5,97.5,427723,156,1.9
Proveedor 0520,47.61,16,73.5,43983,366,8.6
Proveedor 0521,38.70,9,81.6,190264,597,5.1
Proveedor 0522,56.74,6,97.5,637183,206,1.7
Proveedor 0523,57.05,5,94.7,735610,187,1.2
Proveedor 0524,62.19,5,96.7,536881,213,1.7
Proveedor 0525,58.58,4,98.3,620329,144,1.7
Proveedor 0526,25.69,10,85.8,234127,562,3.8
Proveedor 0527,27.96,10,82.0,221975,555,4.9
Proveedor 0528,40.95,20,67.5,78282,249,7.0
Proveedor 0529,48.26,19,68.0,52283,271,7.4
Proveedor 0530,62.44,5,97.5,642928,202,2.7
Proveedor 0531,50.97,16,63.2,37859,318,8.9
Proveedor 0532,52.41,5,96.5,505597,186,1.5
Proveedor 0533,61.07,6,96.5,643150,218,1.8
Proveedor 0534,36.13,18,71.2,38020,410,8.5
Proveedor 0535,29.78,9,81.9,270162,387,3.7
Proveedor 0536,61.93,3,98.1,581030,217,2.0
Proveedor 0537,62.77,5,98.5,552056,166,1.6
Proveedor 0538,59.92,4,93.8,428296,186,2.5
Proveedor 0539,35.35,20,65.4,47250,311,7.8
Proveedor 0540,27.59,12,84.6,185538,677,5.0
Proveedor 0541,30.75,8,84.2,272175,486,3.4
Proveedor 0542,45.67,22,71.5,79256,391,8.8
Proveedor 0543,55.02,21,75.4,55548,324,8.0
Proveedor 0544,40.62,20,66.4,60834,347,8.1
Proveedor 0545,73.11,6,95.7,377746,239,2.0
Proveedor 0546,60.78,8,94.7,598252,153,1.0
Proveedor 0547,56.94,6,95.7,582890,265,2.2
Proveedor 0548,59.17,5,97.1,540341,178,2.2
Proveedor 0549,63.77,5,98.4,610671,198,1.3
Proveedor 0550,59.56,6,97.6,557881,175,2.0
Proveedor 0551,26.03,10,83.5,175550,575,4.3
Proveedor 0552,31.22,11,84.3,243832,661,5.1
Proveedor 0553,41.21,18,58.9,78252,349,8.8
Proveedor 0554,51.49,20,67.7,43514,428,8.2
Proveedor 0555,43.19,18,66.3,73934,433,6.7
Proveedor 0556,29.83,12,82.5,254963,579,4.6
Proveedor 0557,23.49,9,82.1,148497,498,4.2
Proveedor 0558,54.67,24,65.2,60465,340,8.1
Proveedor 0559,30.59,13,82.4,195829,552,3.6
Proveedor 0560,30.53,11,85.4,182708,587,6.2
Proveedor 0561,57.89,6,95.8,651172,256,1.0
Proveedor 0562,24.92,9,87.4,164311,617,4.2
Proveedor 0563,59.64,2,97.7,377340,202,2.1
Proveedor 0564,62.10,5,96.5,507406,172,1.3
Proveedor 0565,20.15,11,80.9,270040,603,4.2
Proveedor 0566,24.98,10,84.8,182574,457,3.2
Proveedor 0567,35.38,10,84.6,100190,548,4.5
Proveedor 0568,30.16,9,83.2,252676,573,4.5
Proveedor 0569,25.69,12,84.5,215730,569,5.8
Proveedor 0570,28.31,8,85.0,223586,530,6.2
Proveedor 0571,54.67,5,95.6,619829,218,1.0
Proveedor 0572,49.22,19,66.7,59380,316,9.4
Proveedor 0573,55.34,23,76.0,46828,374,7.3
Proveedor 0574,32.08,12,84.5,170689,586,4.7
Proveedor 0575,55.51,5,96.5,493273,161,2.3
Proveedor 0576,46.82,22,66.2,78155,431,9.6
Proveedor 0577,25.84,11,88.5,143005,665,3.9
Proveedor 0578,30.73,12,84.7,238912,509,1.7
Proveedor 0579,30.00,10,88.2,204432,607,4.3
Proveedor 0580,54.63,18,77.6,64080,347,6.9
Proveedor 0581,22.76,9,86.1,203943,588,6.2
Proveedor 0582,27.08,10,83.7,232547,588,4.4
Proveedor 0583,51.00,21,66.6,72998,334,7.8
Proveedor 0584,33.89,21,55.4,55856,316,6.6
Proveedor 0585,49.65,17,71.0,47285,362,7.9
Proveedor 0586,58.25,7,96.4,620303,200,1.4
Proveedor 0587,31.46,11,76.9,235373,612,4.5
Proveedor 0588,61.05,5,98.1,439287,265,2.8
Proveedor 0589,47.89,18,60.5,49644,488,9.1
Proveedor 0590,55.94,7,98.2,419475,139,1.4
Proveedor 0591,51.23,18,56.7,70472,372,8.9
Proveedor 0592,27.77,9,81.1,206422,485,3.7
Proveedor 0593,58.42,6,96.4,531989,201,1.7
Proveedor 0594,47.04,16,69.4,39412,282,8.6
Proveedor 0595,43.98,16,73.6,43052,361,8.6
Proveedor 0596,25.39,10,87.7,219343,633,3.3
Proveedor 0597,42.77,18,67.6,50408,463,7.2
Proveedor 0598,63.32,5,94.6,574874,271,2.4
Proveedor 0599,29.68,8,85.2,185361,741,5.2
Proveedor 0600,62.99,5,98.7,608267,163,1.6